function c = blueWhiteRedColormap()


c =[...
         0    0.4471    0.7412;
    0.0078    0.4514    0.7432;
    0.0156    0.4557    0.7452;
    0.0234    0.4601    0.7473;
    0.0312    0.4644    0.7493;
    0.0391    0.4687    0.7513;
    0.0469    0.4730    0.7533;
    0.0547    0.4773    0.7554;
    0.0625    0.4817    0.7574;
    0.0703    0.4860    0.7594;
    0.0781    0.4903    0.7614;
    0.0859    0.4946    0.7634;
    0.0938    0.4989    0.7655;
    0.1016    0.5033    0.7675;
    0.1094    0.5076    0.7695;
    0.1172    0.5119    0.7715;
    0.1250    0.5162    0.7735;
    0.1328    0.5205    0.7756;
    0.1406    0.5249    0.7776;
    0.1484    0.5292    0.7796;
    0.1562    0.5335    0.7816;
    0.1641    0.5378    0.7837;
    0.1719    0.5421    0.7857;
    0.1797    0.5464    0.7877;
    0.1875    0.5508    0.7897;
    0.1953    0.5551    0.7917;
    0.2031    0.5594    0.7938;
    0.2109    0.5637    0.7958;
    0.2188    0.5680    0.7978;
    0.2266    0.5724    0.7998;
    0.2344    0.5767    0.8019;
    0.2422    0.5810    0.8039;
    0.2500    0.5853    0.8059;
    0.2578    0.5896    0.8079;
    0.2656    0.5940    0.8099;
    0.2734    0.5983    0.8120;
    0.2812    0.6026    0.8140;
    0.2891    0.6069    0.8160;
    0.2969    0.6112    0.8180;
    0.3047    0.6156    0.8201;
    0.3125    0.6199    0.8221;
    0.3203    0.6242    0.8241;
    0.3281    0.6285    0.8261;
    0.3359    0.6328    0.8281;
    0.3438    0.6372    0.8302;
    0.3516    0.6415    0.8322;
    0.3594    0.6458    0.8342;
    0.3672    0.6501    0.8362;
    0.3750    0.6544    0.8382;
    0.3828    0.6588    0.8403;
    0.3906    0.6631    0.8423;
    0.3984    0.6674    0.8443;
    0.4062    0.6717    0.8463;
    0.4141    0.6760    0.8484;
    0.4219    0.6804    0.8504;
    0.4297    0.6847    0.8524;
    0.4375    0.6890    0.8544;
    0.4453    0.6933    0.8564;
    0.4531    0.6976    0.8585;
    0.4609    0.7020    0.8605;
    0.4688    0.7063    0.8625;
    0.4766    0.7106    0.8645;
    0.4844    0.7149    0.8666;
    0.4922    0.7192    0.8686;
    0.5000    0.7236    0.8706;
    0.5078    0.7279    0.8726;
    0.5156    0.7322    0.8746;
    0.5234    0.7365    0.8767;
    0.5312    0.7408    0.8787;
    0.5391    0.7451    0.8807;
    0.5469    0.7495    0.8827;
    0.5547    0.7538    0.8848;
    0.5625    0.7581    0.8868;
    0.5703    0.7624    0.8888;
    0.5781    0.7667    0.8908;
    0.5859    0.7711    0.8928;
    0.5938    0.7754    0.8949;
    0.6016    0.7797    0.8969;
    0.6094    0.7840    0.8989;
    0.6172    0.7883    0.9009;
    0.6250    0.7927    0.9029;
    0.6328    0.7970    0.9050;
    0.6406    0.8013    0.9070;
    0.6484    0.8056    0.9090;
    0.6562    0.8099    0.9110;
    0.6641    0.8143    0.9131;
    0.6719    0.8186    0.9151;
    0.6797    0.8229    0.9171;
    0.6875    0.8272    0.9191;
    0.6953    0.8315    0.9211;
    0.7031    0.8359    0.9232;
    0.7109    0.8402    0.9252;
    0.7188    0.8445    0.9272;
    0.7266    0.8488    0.9292;
    0.7344    0.8531    0.9313;
    0.7422    0.8575    0.9333;
    0.7500    0.8618    0.9353;
    0.7578    0.8661    0.9373;
    0.7656    0.8704    0.9393;
    0.7734    0.8747    0.9414;
    0.7812    0.8791    0.9434;
    0.7891    0.8834    0.9454;
    0.7969    0.8877    0.9474;
    0.8047    0.8920    0.9495;
    0.8125    0.8963    0.9515;
    0.8203    0.9007    0.9535;
    0.8281    0.9050    0.9555;
    0.8359    0.9093    0.9575;
    0.8438    0.9136    0.9596;
    0.8516    0.9179    0.9616;
    0.8594    0.9222    0.9636;
    0.8672    0.9266    0.9656;
    0.8750    0.9309    0.9676;
    0.8828    0.9352    0.9697;
    0.8906    0.9395    0.9717;
    0.8984    0.9438    0.9737;
    0.9062    0.9482    0.9757;
    0.9141    0.9525    0.9778;
    0.9219    0.9568    0.9798;
    0.9297    0.9611    0.9818;
    0.9375    0.9654    0.9838;
    0.9453    0.9698    0.9858;
    0.9531    0.9741    0.9879;
    0.9609    0.9784    0.9899;
    0.9688    0.9827    0.9919;
    0.9766    0.9870    0.9939;
    0.9844    0.9914    0.9960;
    0.9922    0.9957    0.9980;
    1.0000    1.0000    1.0000;
    0.9988    0.9947    0.9929;
    0.9977    0.9894    0.9858;
    0.9965    0.9841    0.9787;
    0.9953    0.9788    0.9716;
    0.9941    0.9734    0.9645;
    0.9930    0.9681    0.9574;
    0.9918    0.9628    0.9503;
    0.9906    0.9575    0.9432;
    0.9894    0.9522    0.9361;
    0.9883    0.9469    0.9290;
    0.9871    0.9416    0.9219;
    0.9859    0.9363    0.9148;
    0.9847    0.9310    0.9077;
    0.9836    0.9256    0.9006;
    0.9824    0.9203    0.8935;
    0.9812    0.9150    0.8864;
    0.9801    0.9097    0.8793;
    0.9789    0.9044    0.8722;
    0.9777    0.8991    0.8651;
    0.9765    0.8938    0.8580;
    0.9754    0.8885    0.8509;
    0.9742    0.8832    0.8437;
    0.9730    0.8778    0.8366;
    0.9718    0.8725    0.8295;
    0.9707    0.8672    0.8224;
    0.9695    0.8619    0.8153;
    0.9683    0.8566    0.8082;
    0.9671    0.8513    0.8011;
    0.9660    0.8460    0.7940;
    0.9648    0.8407    0.7869;
    0.9636    0.8354    0.7798;
    0.9625    0.8300    0.7727;
    0.9613    0.8247    0.7656;
    0.9601    0.8194    0.7585;
    0.9589    0.8141    0.7514;
    0.9578    0.8088    0.7443;
    0.9566    0.8035    0.7372;
    0.9554    0.7982    0.7301;
    0.9542    0.7929    0.7230;
    0.9531    0.7876    0.7159;
    0.9519    0.7822    0.7088;
    0.9507    0.7769    0.7017;
    0.9496    0.7716    0.6946;
    0.9484    0.7663    0.6875;
    0.9472    0.7610    0.6804;
    0.9460    0.7557    0.6733;
    0.9449    0.7504    0.6662;
    0.9437    0.7451    0.6591;
    0.9425    0.7398    0.6520;
    0.9413    0.7344    0.6449;
    0.9402    0.7291    0.6378;
    0.9390    0.7238    0.6307;
    0.9378    0.7185    0.6236;
    0.9366    0.7132    0.6165;
    0.9355    0.7079    0.6094;
    0.9343    0.7026    0.6023;
    0.9331    0.6973    0.5952;
    0.9320    0.6920    0.5881;
    0.9308    0.6866    0.5810;
    0.9296    0.6813    0.5739;
    0.9284    0.6760    0.5668;
    0.9273    0.6707    0.5597;
    0.9261    0.6654    0.5526;
    0.9249    0.6601    0.5454;
    0.9237    0.6548    0.5383;
    0.9226    0.6495    0.5312;
    0.9214    0.6442    0.5241;
    0.9202    0.6389    0.5170;
    0.9190    0.6335    0.5099;
    0.9179    0.6282    0.5028;
    0.9167    0.6229    0.4957;
    0.9155    0.6176    0.4886;
    0.9144    0.6123    0.4815;
    0.9132    0.6070    0.4744;
    0.9120    0.6017    0.4673;
    0.9108    0.5964    0.4602;
    0.9097    0.5911    0.4531;
    0.9085    0.5857    0.4460;
    0.9073    0.5804    0.4389;
    0.9061    0.5751    0.4318;
    0.9050    0.5698    0.4247;
    0.9038    0.5645    0.4176;
    0.9026    0.5592    0.4105;
    0.9014    0.5539    0.4034;
    0.9003    0.5486    0.3963;
    0.8991    0.5433    0.3892;
    0.8979    0.5379    0.3821;
    0.8968    0.5326    0.3750;
    0.8956    0.5273    0.3679;
    0.8944    0.5220    0.3608;
    0.8932    0.5167    0.3537;
    0.8921    0.5114    0.3466;
    0.8909    0.5061    0.3395;
    0.8897    0.5008    0.3324;
    0.8885    0.4955    0.3253;
    0.8874    0.4901    0.3182;
    0.8862    0.4848    0.3111;
    0.8850    0.4795    0.3040;
    0.8839    0.4742    0.2969;
    0.8827    0.4689    0.2898;
    0.8815    0.4636    0.2827;
    0.8803    0.4583    0.2756;
    0.8792    0.4530    0.2685;
    0.8780    0.4477    0.2614;
    0.8768    0.4423    0.2543;
    0.8756    0.4370    0.2471;
    0.8745    0.4317    0.2400;
    0.8733    0.4264    0.2329;
    0.8721    0.4211    0.2258;
    0.8709    0.4158    0.2187;
    0.8698    0.4105    0.2116;
    0.8686    0.4052    0.2045;
    0.8674    0.3999    0.1974;
    0.8663    0.3945    0.1903;
    0.8651    0.3892    0.1832;
    0.8639    0.3839    0.1761;
    0.8627    0.3786    0.1690;
    0.8616    0.3733    0.1619;
    0.8604    0.3680    0.1548;
